2.97365e-01
1.84260e-01
1.66111e-01
1.55871e-01
8.13163e-02
7.85595e-02
1.10329e-02
1.04649e-02
5.54304e-03
1.99546e-03
1.41054e-03
1.30550e-03
7.65556e-04
4.76766e-04
4.64991e-04
4.46246e-04
4.28112e-04
2.90458e-04
2.67981e-04
2.15311e-04
1.93203e-04
1.77770e-04
1.40199e-04
1.18307e-04
8.89621e-05
7.55406e-05
5.49983e-05
5.28975e-05
5.15158e-05
4.73016e-05
4.61172e-05
4.00477e-05
3.71278e-05
2.85785e-05
2.45887e-05
2.40870e-05
1.75186e-05
1.44676e-05
1.37704e-05
1.22386e-05
1.09171e-05
1.06316e-05
8.99930e-06
7.29878e-06
7.19573e-06
6.72423e-06
6.32518e-06
5.99464e-06
5.61634e-06
5.42337e-06
