7.74563e+00
4.79953e+00
4.32678e+00
4.06007e+00
2.11809e+00
2.04628e+00
2.87381e-01
2.72585e-01
1.44383e-01
5.19768e-02
3.67411e-02
3.40051e-02
1.99409e-02
1.24186e-02
1.21119e-02
1.16236e-02
1.11513e-02
7.56573e-03
6.98025e-03
5.60833e-03
5.03248e-03
4.63048e-03
3.65184e-03
3.08162e-03
2.31725e-03
1.96765e-03
1.43257e-03
1.37785e-03
1.34186e-03
1.23209e-03
1.20124e-03
1.04315e-03
9.67091e-04
7.44402e-04
6.40476e-04
6.27407e-04
4.56318e-04
3.76847e-04
3.58686e-04
3.18786e-04
2.84365e-04
2.76928e-04
2.34410e-04
1.90116e-04
1.87431e-04
1.75150e-04
1.64756e-04
1.56146e-04
1.46292e-04
1.41266e-04
