2.97365e-01
4.81625e-01
6.47735e-01
8.03606e-01
8.84923e-01
9.63482e-01
9.74515e-01
9.84980e-01
9.90523e-01
9.92519e-01
9.93929e-01
9.95235e-01
9.96000e-01
9.96477e-01
9.96942e-01
9.97388e-01
9.97816e-01
9.98107e-01
9.98375e-01
9.98590e-01
9.98783e-01
9.98961e-01
9.99101e-01
9.99219e-01
9.99308e-01
9.99384e-01
9.99439e-01
9.99492e-01
9.99543e-01
9.99591e-01
9.99637e-01
9.99677e-01
9.99714e-01
9.99743e-01
9.99767e-01
9.99791e-01
9.99809e-01
9.99823e-01
9.99837e-01
9.99849e-01
9.99860e-01
9.99871e-01
9.99880e-01
9.99887e-01
9.99894e-01
9.99901e-01
9.99907e-01
9.99913e-01
9.99919e-01
9.99924e-01
