3.39620e-01
5.34110e-01
7.19898e-01
8.15668e-01
8.67910e-01
9.18877e-01
9.46774e-01
9.73612e-01
9.83755e-01
9.91132e-01
9.92757e-01
9.94290e-01
9.95763e-01
9.96914e-01
9.97917e-01
9.98437e-01
9.98704e-01
9.98922e-01
9.99105e-01
9.99231e-01
9.99344e-01
9.99434e-01
9.99516e-01
9.99594e-01
9.99657e-01
9.99708e-01
9.99748e-01
9.99787e-01
9.99822e-01
9.99850e-01
9.99869e-01
9.99887e-01
9.99903e-01
9.99918e-01
9.99931e-01
9.99940e-01
9.99948e-01
9.99955e-01
9.99961e-01
9.99965e-01
9.99968e-01
9.99970e-01
9.99973e-01
9.99975e-01
9.99977e-01
9.99979e-01
9.99980e-01
9.99982e-01
9.99983e-01
9.99985e-01
