3.39620e-01
1.94490e-01
1.85788e-01
9.57697e-02
5.22416e-02
5.09678e-02
2.78966e-02
2.68382e-02
1.01425e-02
7.37686e-03
1.62558e-03
1.53247e-03
1.47285e-03
1.15170e-03
1.00316e-03
5.19531e-04
2.67302e-04
2.17300e-04
1.83647e-04
1.25621e-04
1.13362e-04
8.95890e-05
8.27066e-05
7.78404e-05
6.28315e-05
5.08511e-05
4.04927e-05
3.80316e-05
3.51255e-05
2.80126e-05
1.93606e-05
1.83378e-05
1.61451e-05
1.41703e-05
1.31469e-05
9.58798e-06
7.87815e-06
7.03967e-06
6.01534e-06
3.61288e-06
2.93977e-06
2.46197e-06
2.19091e-06
2.15136e-06
1.99764e-06
1.85325e-06
1.67952e-06
1.58740e-06
1.53109e-06
1.37251e-06
