3.67276e-07
2.10328e-07
2.00917e-07
1.03569e-07
5.64958e-08
5.51182e-08
3.01683e-08
2.90237e-08
1.09684e-08
7.97758e-09
1.75796e-09
1.65727e-09
1.59279e-09
1.24549e-09
1.08485e-09
5.61838e-10
2.89069e-10
2.34995e-10
1.98602e-10
1.35851e-10
1.22593e-10
9.68844e-11
8.94416e-11
8.41791e-11
6.79481e-11
5.49921e-11
4.37902e-11
4.11287e-11
3.79858e-11
3.02938e-11
2.09372e-11
1.98311e-11
1.74599e-11
1.53242e-11
1.42174e-11
1.03688e-11
8.51969e-12
7.61293e-12
6.50519e-12
3.90709e-12
3.17916e-12
2.66246e-12
2.36932e-12
2.32655e-12
2.16031e-12
2.00417e-12
1.81629e-12
1.71667e-12
1.65578e-12
1.48428e-12
