5.18482e-09
2.01633e-09
1.41654e-09
7.37878e-10
2.70198e-10
2.58948e-10
1.67410e-10
1.63355e-10
5.61215e-11
2.99397e-11
1.98426e-11
1.71233e-11
1.32465e-11
1.17064e-11
1.15404e-11
9.88064e-12
6.51317e-12
2.55667e-12
1.73836e-12
1.49498e-12
1.21530e-12
1.14472e-12
8.50924e-13
7.66567e-13
6.31929e-13
5.84053e-13
5.67386e-13
4.99395e-13
4.20151e-13
3.51941e-13
2.63672e-13
2.35990e-13
2.12454e-13
1.89420e-13
1.31217e-13
1.11461e-13
1.07423e-13
8.08642e-14
5.96718e-14
3.42644e-14
2.67693e-14
2.23674e-14
2.07455e-14
1.85075e-14
1.72493e-14
1.56939e-14
1.48348e-14
1.24794e-14
1.12747e-14
1.01919e-14
