4.98255e-01
1.93767e-01
1.36128e-01
7.09093e-02
2.59657e-02
2.48847e-02
1.60879e-02
1.56983e-02
5.39322e-03
2.87718e-03
1.90685e-03
1.64553e-03
1.27297e-03
1.12497e-03
1.10902e-03
9.49519e-04
6.25909e-04
2.45694e-04
1.67054e-04
1.43666e-04
1.16789e-04
1.10006e-04
8.17729e-05
7.36663e-05
6.07277e-05
5.61269e-05
5.45252e-05
4.79913e-05
4.03761e-05
3.38211e-05
2.53386e-05
2.26784e-05
2.04166e-05
1.82031e-05
1.26098e-05
1.07113e-05
1.03232e-05
7.77097e-06
5.73440e-06
3.29277e-06
2.57250e-06
2.14949e-06
1.99362e-06
1.77856e-06
1.65764e-06
1.50816e-06
1.42561e-06
1.19926e-06
1.08349e-06
9.79430e-07
