4.98255e-01
6.92022e-01
8.28151e-01
8.99060e-01
9.25026e-01
9.49910e-01
9.65998e-01
9.81697e-01
9.87090e-01
9.89967e-01
9.91874e-01
9.93519e-01
9.94792e-01
9.95917e-01
9.97026e-01
9.97976e-01
9.98602e-01
9.98847e-01
9.99014e-01
9.99158e-01
9.99275e-01
9.99385e-01
9.99467e-01
9.99540e-01
9.99601e-01
9.99657e-01
9.99712e-01
9.99760e-01
9.99800e-01
9.99834e-01
9.99859e-01
9.99882e-01
9.99902e-01
9.99921e-01
9.99933e-01
9.99944e-01
9.99954e-01
9.99962e-01
9.99968e-01
9.99971e-01
9.99974e-01
9.99976e-01
9.99978e-01
9.99980e-01
9.99981e-01
9.99983e-01
9.99984e-01
9.99985e-01
9.99986e-01
9.99987e-01
