8.78012e-01
8.99737e-01
9.18072e-01
9.35156e-01
9.50389e-01
9.63724e-01
9.75892e-01
9.87094e-01
9.91102e-01
9.95023e-01
9.96955e-01
9.98588e-01
9.98883e-01
9.99109e-01
9.99285e-01
9.99453e-01
9.99608e-01
9.99691e-01
9.99747e-01
9.99795e-01
9.99827e-01
9.99847e-01
9.99864e-01
9.99876e-01
9.99887e-01
9.99898e-01
9.99907e-01
9.99914e-01
9.99922e-01
9.99929e-01
9.99935e-01
9.99940e-01
9.99944e-01
9.99948e-01
9.99951e-01
9.99955e-01
9.99958e-01
9.99961e-01
9.99964e-01
9.99966e-01
9.99968e-01
9.99970e-01
9.99972e-01
9.99974e-01
9.99976e-01
9.99978e-01
9.99980e-01
9.99981e-01
9.99983e-01
9.99984e-01
