2.97418e-10
7.35932e-12
6.21077e-12
5.78691e-12
5.15990e-12
4.51715e-12
4.12190e-12
3.79443e-12
1.35790e-12
1.32795e-12
6.54660e-13
5.53084e-13
1.00096e-13
7.64106e-14
5.96292e-14
5.67848e-14
5.27362e-14
2.81561e-14
1.88152e-14
1.63502e-14
1.09054e-14
6.71107e-15
5.59388e-15
4.07796e-15
3.91373e-15
3.68493e-15
2.81786e-15
2.65585e-15
2.45072e-15
2.31384e-15
2.10391e-15
1.63317e-15
1.40058e-15
1.35168e-15
1.23414e-15
1.20105e-15
1.11333e-15
9.69143e-16
8.73542e-16
7.92356e-16
7.69990e-16
7.35283e-16
6.93490e-16
6.74631e-16
6.17643e-16
5.81950e-16
5.50958e-16
5.17847e-16
5.06338e-16
4.71912e-16
