8.78012e-01
2.17256e-02
1.83349e-02
1.70836e-02
1.52326e-02
1.33351e-02
1.21683e-02
1.12016e-02
4.00868e-03
3.92025e-03
1.93263e-03
1.63277e-03
2.95495e-04
2.25573e-04
1.76032e-04
1.67635e-04
1.55683e-04
8.31201e-05
5.55447e-05
4.82676e-05
3.21940e-05
1.98118e-05
1.65138e-05
1.20386e-05
1.15538e-05
1.08783e-05
8.31866e-06
7.84038e-06
7.23481e-06
6.83071e-06
6.21098e-06
4.82131e-06
4.13467e-06
3.99030e-06
3.64331e-06
3.54565e-06
3.28667e-06
2.86102e-06
2.57879e-06
2.33913e-06
2.27310e-06
2.17064e-06
2.04726e-06
1.99159e-06
1.82335e-06
1.71798e-06
1.62649e-06
1.52874e-06
1.49477e-06
1.39314e-06
